epoch,train_loss,val_loss
1,216.49976359241603,207.4424226289765
2,201.0412562649786,199.6831299115103
3,193.85218621398985,198.6512125402713
epoch,train_loss,val_loss
1,307.76222229003906,329.0460205078125
2,241.4356689453125,327.0585021972656
3,214.71773529052734,325.10743713378906
epoch,train_loss,val_loss
1,182.78604888916016,324.3876953125
2,192.41216278076172,327.34124755859375
3,192.92562866210938,324.98443603515625
epoch,train_loss,val_loss
1,324.0550842285156,345.6765441894531
2,269.2761535644531,331.6970672607422
3,218.19332885742188,320.11891174316406
4,186.76124572753906,325.2082824707031
5,163.14993286132812,297.9373321533203
6,146.42477416992188,311.32774353027344
7,132.58649444580078,318.80418395996094
8,124.48016357421875,293.443603515625
9,114.6413803100586,312.53173828125
10,106.60197067260742,316.9849853515625
11,98.81182479858398,321.5736541748047
12,88.7773666381836,319.60308837890625
13,85.13565826416016,318.4051971435547
14,80.7459602355957,321.1883544921875
15,76.33275604248047,326.1381378173828
epoch,train_loss,val_loss
1,115.43957138061523,308.8678436279297
2,114.0701675415039,318.8095397949219
3,122.29158020019531,316.5412902832031
4,117.53766250610352,313.0768585205078
5,117.96440505981445,287.3620910644531
6,116.65787506103516,310.20721435546875
7,119.91212463378906,310.56446838378906
8,121.13247299194336,300.0211944580078
9,116.89114379882812,303.2942657470703
10,116.11406707763672,312.15318298339844
11,116.208251953125,304.9335174560547
12,111.77246856689453,316.80841064453125
13,118.26025772094727,311.0807800292969
14,115.97006607055664,315.3463592529297
15,116.33736419677734,317.32183837890625
epoch,train_loss,val_loss
1,117.96604537963867,312.63087463378906
2,115.41264724731445,309.01966857910156
3,116.62284088134766,304.0228729248047
4,115.33868408203125,307.15716552734375
5,113.01851272583008,306.0388488769531
6,116.8303451538086,308.93760681152344
7,115.21536636352539,301.3015594482422
8,120.19774627685547,312.87779235839844
9,115.08640670776367,305.4886169433594
10,114.91189193725586,303.17071533203125
11,114.7646598815918,306.7449951171875
12,119.19966888427734,308.0985107421875
13,114.80253219604492,301.90484619140625
14,117.00393676757812,309.2735595703125
15,117.90296936035156,306.46868896484375
epoch,train_loss,val_loss
1,306.03578186035156,303.1059265136719
2,249.8485336303711,299.5744934082031
3,203.43955993652344,298.080322265625
4,181.84451293945312,293.9291687011719
5,169.51729583740234,289.92640686035156
6,153.7653350830078,289.5257873535156
7,143.92902374267578,289.864501953125
8,130.85458374023438,289.0186462402344
9,120.66458511352539,288.8535461425781
10,110.38714599609375,294.1658630371094
11,104.43760681152344,280.16432189941406
12,96.50604248046875,283.5072784423828
13,87.64948654174805,287.29266357421875
14,81.87167358398438,290.21739196777344
15,79.90607452392578,294.76332092285156
epoch,train_loss,val_loss
1,217.09342426487314,206.8355199625301
2,201.41125479958416,198.65826427644348
3,193.98154688063775,199.35089350124977
4,187.25730559232434,195.7333210262452
5,180.61404167782393,196.28445367994172
epoch,train_loss,val_loss
1,0.9232216254222306,0.8861434976146527
2,0.8540243102565067,0.8565894111038603
3,0.8211174208697251,0.8389047312485746
4,0.7944776440344923,0.8430685509078929
5,0.7723998881786456,0.8403271895401065
6,0.7446908617931787,0.8249643226285724
7,0.7134765950086412,0.8581205060939141
8,0.6800988027430482,0.8829504650420541
epoch,train_loss,val_loss
1,0.16007543319259243,0.1498804796410389
2,0.14815920911033917,0.14728660098391508
3,0.143927634230276,0.14696221914411664
4,0.1401114464801234,0.14564296205935923
5,0.13583439149039597,0.1456060142974631
6,0.13138326346037152,0.14727147045737124
7,0.12613824230028706,0.15207519283884616
epoch,train_loss,val_loss
1,0.9874271083000865,0.9432543537941662
2,0.9193479002339399,0.8964408158947837
3,0.8888567091948688,0.9013294760519324
4,0.8708549588136293,0.880529233431559
5,0.8559793838729319,0.8591890167622592
6,0.8448416641948724,0.8528318345116384
7,0.8333227931040291,0.8626907350030087
8,0.8223466799532887,0.8539582138892875
9,0.8130759046354468,0.853978190131765
epoch,train_loss,val_loss
1,0.9306686743572985,0.9128308505551216
2,0.8602224483992821,0.8857289751066021
epoch,train_loss,val_loss
1,0.9256258859949809,0.8993620844510094
epoch,train_loss,val_loss
1,0.925915399518599,0.9023177017084406
epoch,train_loss,val_loss
1,0.9285212574977325,0.8975657094354746
epoch,train_loss,val_loss
1,0.9225651417905651,0.9150205400955159
2,0.8567126216948818,0.8705044239658459
3,0.8206880792544202,0.8649127508008431
4,0.7935904760139806,0.8419709692436216
5,0.7715173915510642,0.8432890335695709
6,0.7429873703337927,0.8581302673625789
epoch,train_loss,val_loss
1,0.9900711378327457,0.9633686180001181
epoch,train_loss,val_loss
1,0.9855555751222163,0.9569174602955236
2,0.9198514343504909,0.935204651420605
3,0.8855560086899772,0.9023754475354248
4,0.8619204193113107,0.8817835010509545
5,0.8462319151365942,0.8790542427297137
6,0.8306197077859238,0.8848050587670548
7,0.8183535737157909,0.8673194050500349
8,0.8065749052699074,0.8761949307956173
9,0.7966221393551036,0.8714612217468356
